3,2
3,1
3,3
146,5
146,4
146,3
146,2
146,1
146,0
143,5
143,4
143,3
143,2
143,1
143,0
108,4
10,173
108,3
108,1
106,3
10,95
106,1
94,4
94,3
94,2
10,221
94,1
92,562
92,11
92,10
92,9
92,8
92,7
10,205
92,6
92,5
10,239
92,3
92,1
91,3
10,281
91,1
87,11
87,4
10,247
10,2
10,3
87,3
87,1
85,5
85,4
85,3
11,12
11,8
11,27
85,2
85,1
11,30
11,15
11,23
84,4
11,6
11,2
11,3
84,3
84,1
83,3
9,7
9,5
9,2
9,3
83,1
8,13
81,4
81,1
77,5
77,4
77,3
77,2
8,14
77,1
74,5
74,4
74,3
8,17
8,2
8,3
0,472
74,1
73,3
73,2
73,1
71,4
71,3
71,2
71,1
67,4
67,3
67,2
67,1
63,4
63,3
63,2
63,1
52,3
52,2
52,1
47,1
45,3
45,1
43,4
43,3
43,1
41,3
41,1
37,3
37,1
20,3
20,2
20,1
19,3
19,2
